---
aa: 0.5454545454545454
ab: 0.6363636363636364
ac: 0.7272727272727273
ad: 0.9090909090909092
ae: 1.0
ba: 1.0
ca: 1.0
da: 1.0
